# TS-SatFire active-fire training event IDs.
# Upstream repository revision: da7573219967edfe17e317310b66fd8a913f4a2e
# Generated by scripts/materialize_splits.py; do not select by directory order.
20702159
20777134
20777152
20777181
20777195
20777203
20777397
20777452
20777459
20777482
20777487
20777508
20777521
20778140
20778153
20778186
20778225
20899673
20899721
20899766
20899813
20899892
20899967
20900040
20900085
20900124
20900131
20901111
20901127
21038333
21158900
21158932
21158939
21158940
21693566
21748801
21751305
21751309
21804582
21804884
21804985
21889717
21889750
21889763
21889779
21889943
21889953
21889992
21889994
21890003
21890009
21890013
21890024
21890056
21890072
21890160
21890502
21890524
21997770
21997828
21998023
21998095
21998230
21998264
21998287
22141509
22343661
22343688
22712973
22938749
23036806
23036871
23159836
23160475
23300669
23410594
23860939
24103557
24103581
24103611
24104631
24191347
24191376
24191393
24191418
24191427
24332592
24332608
24332622
24332647
24332676
24332700
24332702
24332704
24332732
24332746
24332760
24332763
24332764
24332783
24332787
24332801
24332880
24332939
24332956
24333000
24333012
24333033
24333039
24333270
24333277
24333279
24461320
24461328
24461421
24461607
24461771
24461899
24461996
24462263
24462335
24462488
24462819
24462847
24463187
